'HS2011'
array([[8.213e+03],
       [7.883e+03],
       [5.654e+03],
       [6.560e+03],
       [6.796e+03],
       [6.418e+03],
       [7.793e+03],
       [6.181e+03],
       [6.496e+03],
       [5.714e+03],
       [6.340e+03],
       [6.737e+03],
       [5.364e+03],
       [5.907e+03],
       [5.717e+03],
       [5.347e+03],
       [7.121e+03],
       [5.840e+03],
       [5.708e+03],
       [7.513e+03],
       [6.841e+03],
       [7.485e+03],
       [7.485e+03],
       [7.469e+03],
       [4.531e+03],
       [6.842e+03],
       [6.107e+03],
       [5.619e+03],
       [5.765e+03],
       [5.435e+03],
       [6.837e+03],
       [6.478e+03],
       [6.323e+03],
       [5.343e+03],
       [7.444e+03],
       [5.635e+03],
       [5.700e+03],
       [5.739e+03],
       [6.106e+03],
       [6.174e+03],
       [4.932e+03],
       [7.354e+03],
       [6.824e+03],
       [6.093e+03],
       [7.354e+03],
       [4.125e+03],
       [6.343e+03],
       [5.480e+03],
       [5.416e+03],
       [6.556e+03],
       [5.157e+03],
       [6.164e+03],
       [5.085e+03],
       [6.823e+03],
       [7.426e+03],
       [4.257e+03],
       [6.375e+03],
       [5.389e+03],
       [5.226e+03],
       [5.070e+03],
       [4.517e+03],
       [6.277e+03],
       [5.743e+03],
       [7.398e+03],
       [4.353e+03],
       [6.153e+03],
       [6.365e+03],
       [5.896e+03],
       [6.577e+03],
       [7.216e+03],
       [6.772e+03],
       [5.832e+03],
       [5.871e+03],
       [4.332e+03],
       [6.504e+03],
       [5.546e+03],
       [6.327e+03],
       [6.122e+03],
       [4.965e+03],
       [6.030e+03],
       [7.140e+03],
       [5.940e+03],
       [5.647e+03],
       [5.377e+03],
       [5.632e+03],
       [5.632e+03],
       [6.003e+03],
       [5.483e+03],
       [5.018e+03],
       [5.475e+03],
       [5.292e+03],
       [5.602e+03],
       [2.900e+02],
       [7.036e+03],
       [6.256e+03],
       [7.368e+03],
       [5.745e+03],
       [7.407e+03],
       [4.057e+03],
       [6.764e+03],
       [5.686e+03],
       [6.764e+03],
       [5.523e+03],
       [4.061e+03],
       [5.473e+03],
       [4.454e+03],
       [5.333e+03],
       [1.848e+03],
       [6.028e+03],
       [5.279e+03],
       [5.826e+03],
       [7.034e+03],
       [2.440e+03],
       [5.143e+03],
       [6.016e+03],
       [5.169e+03],
       [5.273e+03],
       [6.034e+03],
       [1.568e+03],
       [5.072e+03],
       [6.134e+03],
       [4.814e+03],
       [5.571e+03],
       [6.000e+00],
       [5.281e+03]])

average_dropped = 5805

'HS2012'
array([[9.6730e+03],
       [8.9000e+03],
       [1.0156e+04],
       [8.4620e+03],
       [8.8490e+03],
       [4.9660e+03],
       [9.0740e+03],
       [9.0740e+03],
       [9.6660e+03],
       [8.4160e+03],
       [9.0330e+03],
       [8.9220e+03],
       [8.6900e+03],
       [8.9040e+03],
       [8.0400e+03],
       [7.4910e+03],
       [7.5700e+03],
       [7.4550e+03],
       [7.1770e+03],
       [8.5550e+03],
       [6.3400e+02],
       [8.5550e+03],
       [8.1460e+03],
       [6.7780e+03],
       [7.9790e+03],
       [8.4700e+02],
       [6.4730e+03],
       [7.3570e+03],
       [8.0790e+03],
       [6.3720e+03],
       [6.8150e+03],
       [8.0200e+03],
       [7.2220e+03],
       [7.1500e+03],
       [4.0000e+00],
       [6.8260e+03],
       [8.0580e+03],
       [7.2890e+03],
       [7.7920e+03],
       [7.7170e+03],
       [7.7920e+03],
       [6.8450e+03],
       [6.3520e+03],
       [7.9720e+03],
       [6.2960e+03],
       [7.6930e+03],
       [7.4300e+03],
       [6.2090e+03],
       [9.8560e+03],
       [6.6940e+03],
       [7.8990e+03],
       [7.6310e+03],
       [7.3600e+03],
       [7.3430e+03],
       [7.5680e+03],
       [6.0120e+03],
       [7.5820e+03],
       [5.6340e+03],
       [7.2670e+03],
       [6.3200e+03],
       [7.8360e+03],
       [6.2680e+03],
       [6.6130e+03],
       [6.7510e+03],
       [7.9270e+03],
       [6.6960e+03],
       [7.7740e+03],
       [6.7380e+03],
       [7.7700e+03],
       [7.6730e+03],
       [6.6360e+03],
       [7.0010e+03],
       [7.7700e+03],
       [6.6100e+03],
       [8.7160e+03],
       [9.5180e+03],
       [6.9730e+03],
       [5.8770e+03],
       [7.0130e+03],
       [6.4800e+03],
       [6.8800e+03],
       [5.9100e+03],
       [6.9200e+03],
       [7.0360e+03],
       [7.5310e+03],
       [6.4440e+03],
       [7.3250e+03],
       [6.3960e+03],
       [6.8540e+03],
       [7.4370e+03],
       [9.4270e+03],
       [9.3870e+03],
       [9.2620e+03],
       [6.4180e+03],
       [6.2020e+03],
       [7.6920e+03],
       [6.5570e+03],
       [7.5330e+03],
       [7.2750e+03],
       [7.1370e+03],
       [6.5410e+03],
       [7.1930e+03],
       [7.5610e+03],
       [9.4250e+03],
       [7.3990e+03],
       [3.8000e+01],
       [7.0190e+03],
       [9.4240e+03],
       [9.4240e+03],
       [7.2700e+03],
       [6.8860e+03],
       [7.1730e+03],
       [5.4910e+03],
       [7.2690e+03],
       [7.5590e+03],
       [6.0640e+03],
       [7.2600e+03],
       [6.8660e+03],
       [6.7250e+03],
       [9.1850e+03],
       [5.4650e+03],
       [9.6080e+03],
       [9.6080e+03],
       [7.9570e+03],
       [5.4620e+03],
       [7.1300e+03],
       [6.8480e+03],
       [6.5620e+03],
       [6.1790e+03],
       [6.3510e+03],
       [7.4400e+03],
       [6.0850e+03],
       [6.1400e+03],
       [6.2410e+03],
       [7.3390e+03],
       [7.3310e+03],
       [7.3310e+03],
       [5.7000e+03],
       [7.1260e+03],
       [6.5110e+03],
       [6.3330e+03],
       [6.8760e+03],
       [6.3330e+03],
       [7.6010e+03],
       [7.6010e+03],
       [7.6010e+03],
       [7.6010e+03],
       [7.6010e+03],
       [7.6010e+03],
       [7.6000e+03],
       [7.5670e+03],
       [7.5670e+03],
       [7.6010e+03],
       [7.9580e+03],
       [7.6010e+03],
       [7.4600e+03],
       [7.5660e+03],
       [7.5660e+03],
       [7.6010e+03],
       [7.5660e+03],
       [7.6010e+03],
       [7.6010e+03],
       [7.6010e+03],
       [7.5990e+03],
       [7.6010e+03],
       [7.6010e+03],
       [7.5660e+03],
       [7.5660e+03],
       [7.5660e+03],
       [7.6010e+03],
       [7.1860e+03],
       [7.6010e+03],
       [6.6980e+03],
       [6.2400e+03],
       [7.1420e+03],
       [7.5250e+03],
       [7.4370e+03],
       [5.9370e+03],
       [7.3930e+03]])

averaged_dropped = 7285

'HS2013'

array([[51218.],
       [44750.],
       [49400.],
       [40419.],
       [40499.],
       [44937.],
       [33620.],
       [43529.],
       [43683.],
       [36385.],
       [40543.],
       [41589.],
       [42514.],
       [46020.],
       [45321.],
       [36986.],
       [35465.],
       [34591.],
       [45680.],
       [40252.],
       [33713.],
       [37645.],
       [31425.],
       [36355.],
       [34564.],
       [42356.],
       [34337.],
       [41018.],
       [36731.],
       [32296.],
       [34241.],
       [33389.],
       [43542.],
       [33013.],
       [32918.],
       [39570.],
       [41093.],
       [40565.],
       [39701.],
       [29926.],
       [32313.],
       [39272.],
       [39396.],
       [31968.],
       [39264.],
       [39582.],
       [32553.],
       [31815.],
       [41185.],
       [32598.],
       [37170.],
       [40172.],
       [28996.],
       [44022.],
       [32378.],
       [31041.],
       [40072.],
       [27124.],
       [38939.],
       [39014.],
       [31978.],
       [35010.],
       [32143.],
       [40089.],
       [38938.],
       [30428.],
       [30534.],
       [34200.],
       [34200.],
       [31600.],
       [39068.],
       [40429.],
       [30821.],
       [43747.],
       [38789.],
       [38840.],
       [32558.],
       [39562.],
       [32285.],
       [28726.],
       [33974.],
       [41133.],
       [43656.],
       [32389.],
       [39577.],
       [30979.],
       [33891.],
       [42423.],
       [33235.],
       [40072.],
       [32929.],
       [27837.],
       [41194.],
       [43177.],
       [29736.],
       [29848.],
       [38474.],
       [28915.],
       [33316.],
       [38398.],
       [30445.],
       [33022.],
       [33751.],
       [38371.],
       [32331.],
       [33022.],
       [33458.],
       [39415.],
       [36550.],
       [38371.],
       [32302.],
       [35813.],
       [42288.],
       [35504.],
       [37603.],
       [35332.],
       [35203.],
       [31760.],
       [41909.],
       [35602.],
       [33120.],
       [32850.],
       [38254.],
       [29171.],
       [30271.],
       [39349.],
       [31703.],
       [38061.],
       [39305.],
       [32331.],
       [38060.],
       [41746.],
       [37821.],
       [38060.],
       [38865.],
       [33123.],
       [37487.],
       [31134.],
       [33548.],
       [35760.],
       [34765.],
       [36652.],
       [31298.],
       [42761.],
       [31053.],
       [38046.],
       [32552.],
       [33243.],
       [ 7574.],
       [28780.],
       [31544.],
       [30574.],
       [35048.],
       [34499.],
       [26281.],
       [35302.],
       [39459.],
       [27134.],
       [33017.],
       [29008.],
       [41780.],
       [42647.],
       [32634.],
       [36252.],
       [37267.],
       [27543.],
       [32541.],
       [33589.],
       [35018.],
       [42011.],
       [34906.],
       [31125.],
       [38692.],
       [31237.],
       [31048.],
       [29823.],
       [42838.],
       [37921.],
       [30687.],
       [27581.],
       [35074.],
       [42586.],
       [33771.],
       [41592.],
       [38736.],
       [40683.],
       [29985.],
       [33120.],
       [30983.],
       [31466.],
       [33060.],
       [37728.],
       [28076.],
       [40667.],
       [38335.],
       [40667.],
       [40083.],
       [39027.],
       [27861.],
       [33190.],
       [40083.],
       [35177.],
       [31578.],
       [32064.],
       [28272.],
       [32330.],
       [32113.],
       [27152.],
       [40230.],
       [34369.],
       [38398.],
       [42011.],
       [39825.],
       [34009.],
       [39865.],
       [34891.],
       [37890.],
       [28685.],
       [42167.],
       [39199.],
       [34686.],
       [32166.],
       [40228.],
       [42041.],
       [40228.],
       [37039.],
       [30812.],
       [36871.],
       [33121.],
       [27712.],
       [33895.],
       [27824.],
       [40213.],
       [33599.],
       [29819.],
       [28767.],
       [41358.],
       [29780.],
       [38024.],
       [37705.],
       [32667.],
       [33229.],
       [31316.],
       [26391.],
       [36863.],
       [30752.],
       [33571.],
       [31312.],
       [29683.],
       [36822.],
       [31593.],
       [28148.],
       [32613.],
       [36090.],
       [33098.],
       [41989.],
       [31322.],
       [41849.],
       [38372.],
       [31156.],
       [37510.],
       [38296.],
       [34385.],
       [28756.],
       [37545.],
       [41142.],
       [31115.],
       [30242.],
       [28667.],
       [31573.],
       [33096.],
       [32853.],
       [27832.],
       [36068.],
       [39151.],
       [37011.],
       [29806.],
       [30126.],
       [37019.],
       [31723.],
       [32210.],
       [38308.],
       [34852.],
       [40619.],
       [39536.],
       [39379.],
       [39407.],
       [39756.],
       [38019.],
       [40031.],
       [35082.],
       [36739.],
       [39231.],
       [39231.],
       [38575.],
       [34736.],
       [34359.],
       [38248.],
       [36762.],
       [33895.],
       [39147.],
       [38483.],
       [39147.],
       [39965.],
       [39147.],
       [38230.],
       [38608.],
       [36762.],
       [33291.],
       [37923.],
       [39144.],
       [31778.],
       [36500.],
       [38227.],
       [38855.],
       [33423.],
       [31110.],
       [38227.],
       [29125.],
       [27429.],
       [33077.],
       [36596.],
       [36631.],
       [30708.],
       [30038.],
       [36596.]])

average_dropped = 35596

'MIT' 

5.467100000000000000e+04
5.394000000000000000e+04
3.965800000000000000e+04
4.245800000000000000e+04
4.536800000000000000e+04
4.536800000000000000e+04
3.536600000000000000e+04
3.323500000000000000e+04
4.946800000000000000e+04
3.637800000000000000e+04
4.561600000000000000e+04
4.561600000000000000e+04
4.415200000000000000e+04
4.474900000000000000e+04
4.474900000000000000e+04
3.295600000000000000e+04
3.152300000000000000e+04
3.344900000000000000e+04
3.264800000000000000e+04
3.389000000000000000e+04
3.326200000000000000e+04
3.378500000000000000e+04
3.350900000000000000e+04
3.271100000000000000e+04
3.403200000000000000e+04
3.463800000000000000e+04
3.322900000000000000e+04
3.649900000000000000e+04
3.322900000000000000e+04
3.334400000000000000e+04
3.244400000000000000e+04
3.322900000000000000e+04
3.273600000000000000e+04
3.300400000000000000e+04
3.345600000000000000e+04
3.300100000000000000e+04
3.612200000000000000e+04
4.202600000000000000e+04
3.720500000000000000e+04
4.257200000000000000e+04
5.252100000000000000e+04
5.252100000000000000e+04
4.341300000000000000e+04
4.470200000000000000e+04
4.647200000000000000e+04
4.647200000000000000e+04
5.087400000000000000e+04
4.873900000000000000e+04
4.873900000000000000e+04
4.485200000000000000e+04
4.161600000000000000e+04
4.191500000000000000e+04
4.478900000000000000e+04
4.198500000000000000e+04
4.479600000000000000e+04
4.175200000000000000e+04
4.578700000000000000e+04
4.152000000000000000e+04
4.291100000000000000e+04
4.601100000000000000e+04
4.484500000000000000e+04
4.432700000000000000e+04
4.364100000000000000e+04
4.730100000000000000e+04
4.488800000000000000e+04
4.586500000000000000e+04
3.030700000000000000e+04
4.760400000000000000e+04
4.569100000000000000e+04
4.485100000000000000e+04
4.573200000000000000e+04
4.807800000000000000e+04
4.629600000000000000e+04
4.183300000000000000e+04
4.545100000000000000e+04
4.345900000000000000e+04
4.489400000000000000e+04
4.127300000000000000e+04
2.793800000000000000e+04
4.354600000000000000e+04
4.571000000000000000e+04
4.044800000000000000e+04
4.076400000000000000e+04
4.202700000000000000e+04
3.044000000000000000e+04
4.177300000000000000e+04
4.009500000000000000e+04
4.341500000000000000e+04
4.443200000000000000e+04
4.115800000000000000e+04
4.064500000000000000e+04
3.163500000000000000e+04
3.853700000000000000e+04
4.021200000000000000e+04
3.876100000000000000e+04
3.138400000000000000e+04

Average dropped: 40947

'Haggle'

array([[8.963e+03],
       [8.963e+03],
       [8.963e+03],
       [8.963e+03],
       [8.963e+03],
       [8.963e+03],
       [8.963e+03],
       [8.963e+03],
       [8.963e+03],
       [8.963e+03],
       [8.963e+03],
       [8.963e+03],
       [8.963e+03],
       [8.963e+03],
       [8.963e+03],
       [8.963e+03],
       [8.963e+03],
       [8.963e+03],
       [8.963e+03],
       [8.963e+03],
       [8.963e+03],
       [8.963e+03],
       [8.963e+03],
       [8.963e+03],
       [8.963e+03],
       [8.963e+03],
       [8.963e+03],
       [9.017e+03],
       [8.968e+03],
       [8.870e+03],
       [8.819e+03],
       [8.786e+03],
       [8.786e+03],
       [8.836e+03],
       [8.924e+03],
       [8.836e+03],
       [8.857e+03],
       [8.836e+03],
       [8.836e+03],
       [8.924e+03],
       [8.881e+03],
       [9.211e+03],
       [8.924e+03],
       [8.738e+03],
       [8.914e+03],
       [8.914e+03],
       [8.914e+03],
       [8.914e+03],
       [8.769e+03],
       [6.400e+03],
       [4.806e+03],
       [4.348e+03],
       [4.672e+03],
       [4.804e+03],
       [8.825e+03],
       [8.825e+03],
       [2.730e+02],
       [8.621e+03],
       [8.594e+03],
       [5.377e+03],
       [8.694e+03],
       [5.246e+03],
       [4.124e+03],
       [3.704e+03],
       [8.299e+03],
       [3.509e+03],
       [2.473e+03],
       [3.419e+03],
       [3.382e+03],
       [2.458e+03],
       [3.352e+03],
       [3.055e+03],
       [4.590e+02],
       [3.567e+03],
       [1.124e+03],
       [8.661e+03],
       [8.312e+03],
       [8.824e+03],
       [8.824e+03],
       [8.630e+03],
       [3.709e+03],
       [2.000e+00],
       [3.076e+03],
       [4.610e+03],
       [3.697e+03],
       [1.828e+03],
       [1.200e+01],
       [8.238e+03],
       [3.440e+03],
       [1.300e+01],
       [4.611e+03],
       [2.458e+03],
       [3.282e+03],
       [3.628e+03],
       [3.251e+03],
       [4.152e+03],
       [3.352e+03],
       [3.245e+03],
       [3.662e+03],
       [8.110e+02],
       [3.900e+01],
       [4.319e+03],
       [3.361e+03],
       [3.513e+03],
       [3.216e+03],
       [4.804e+03],
       [3.724e+03],
       [3.511e+03],
       [5.010e+03],
       [1.370e+02],
       [7.736e+03],
       [8.278e+03],
       [8.119e+03],
       [8.117e+03],
       [8.117e+03],
       [8.119e+03],
       [2.100e+01],
       [8.310e+03],
       [1.160e+02],
       [8.113e+03],
       [8.113e+03],
       [8.113e+03],
       [8.532e+03],
       [9.000e+00],
       [8.117e+03],
       [3.811e+03],
       [8.309e+03],
       [3.789e+03],
       [2.528e+03],
       [2.057e+03],
       [8.075e+03],
       [8.275e+03],
       [8.075e+03],
       [4.500e+03],
       [5.122e+03],
       [5.000e+03],
       [3.902e+03],
       [8.084e+03],
       [2.767e+03],
       [2.765e+03],
       [2.765e+03],
       [3.357e+03],
       [3.352e+03],
       [3.349e+03],
       [3.331e+03],
       [3.328e+03],
       [3.320e+03],
       [3.333e+03],
       [3.944e+03],
       [9.300e+01],
       [2.400e+01],
       [2.200e+01],
       [2.200e+01],
       [2.000e+01],
       [1.800e+01],
       [1.600e+01],
       [1.500e+01],
       [1.200e+01],
       [1.000e+01],
       [8.289e+03],
       [8.289e+03],
       [8.289e+03],
       [8.215e+03],
       [2.009e+03],
       [2.005e+03],
       [2.946e+03],
       [7.000e+00],
       [8.083e+03],
       [8.083e+03],
       [8.083e+03],
       [4.867e+03],
       [5.105e+03],
       [4.919e+03],
       [4.979e+03],
       [5.004e+03],
       [4.796e+03],
       [5.118e+03],
       [8.156e+03],
       [4.242e+03],
       [4.243e+03],
       [4.242e+03],
       [2.000e+00],
       [4.956e+03],
       [2.991e+03],
       [4.500e+03],
       [2.910e+03],
       [7.970e+03],
       [3.805e+03],
       [2.979e+03],
       [1.163e+03],
       [1.139e+03],
       [2.700e+01],
       [1.815e+03],
       [1.814e+03],
       [1.811e+03],
       [3.431e+03],
       [3.430e+03],
       [3.798e+03],
       [4.765e+03],
       [3.516e+03],
       [3.471e+03],
       [3.359e+03],
       [7.878e+03],
       [3.937e+03],
       [3.777e+03],
       [8.047e+03],
       [4.445e+03],
       [7.600e+01],
       [7.912e+03],
       [3.596e+03],
       [1.420e+02],
       [3.753e+03],
       [3.292e+03],
       [8.090e+03],
       [8.090e+03],
       [8.090e+03],
       [4.533e+03],
       [4.776e+03],
       [4.484e+03],
       [4.759e+03],
       [2.663e+03],
       [2.994e+03],
       [2.993e+03],
       [2.990e+03],
       [2.922e+03],
       [2.845e+03],
       [2.784e+03],
       [2.782e+03],
       [4.945e+03],
       [3.427e+03],
       [2.253e+03],
       [3.200e+01],
       [7.948e+03],
       [7.959e+03],
       [4.962e+03],
       [7.954e+03],
       [7.935e+03],
       [3.650e+02],
       [3.958e+03],
       [3.953e+03],
       [4.407e+03],
       [4.219e+03],
       [8.170e+03],
       [3.694e+03],
       [3.694e+03],
       [3.694e+03],
       [3.493e+03],
       [3.492e+03],
       [3.458e+03],
       [3.455e+03],
       [3.210e+03],
       [2.925e+03],
       [4.076e+03],
       [4.429e+03],
       [3.438e+03],
       [1.000e+00],
       [2.824e+03],
       [8.063e+03],
       [3.448e+03],
       [2.966e+03],
       [2.955e+03],
       [2.940e+03],
       [3.000e+00],
       [7.924e+03],
       [2.500e+01],
       [2.000e+01],
       [2.000e+01],
       [2.000e+01],
       [2.000e+01],
       [2.000e+01],
       [1.900e+01],
       [1.700e+01],
       [1.500e+01],
       [9.000e+00]])

average_dropped = 4906
